53
55
53
53
53
59
60
51
62
52
62
52
57
58
56
55
51
52
56
58
54
60
51
62
52
57
58
57
58
56
55
51
53
55
53
53
64
58
53
59
60
51
62
52
62
52
57
58
56
55
51
52
56
58
54
60
51
62
53
55
53
53
64
58
53
59
60
51
62
52
57
58
56
55
51
52
56
58
54
60
51
62
52
57
58
62
52
57
58
56
55
51
52
56
58
54
60
51
62
52
57
58
60
51
62
53
55
53
53
64
58
53
59
60
51
62
52
57
58
56
55
51
52
56
58
54
60
51
62
52
57
58
57
58
56
55
51
52
56
58
54
60
51
62
52
57
58
56
55
51
53
55
53
53
64
58
53
59
60
51
62
52
62
52
57
58
56
55
51
52
56
58
54
60
51
62
52
57
58
57
58
56
55
51
53
55
53
53
64
58
53
59
60
51
62
52
62
52
57
58
56
55
51
52
56
58
54
60
51
62
53
52
56
58
54
60
51
62
52
57
58
56
55
51
53
55
53
53
64
58
55
53
53
64
58
53
59
60
51
64
58
53
59
60
51
62
52
57
58
56
55
51
