2
5
7
0
0
0
0
0
0
0
0
0
0
0
0
0
0
0
0
0
0
0
0
4
5
5
6
4
3
5
3
5
3
5
0
0
0
0
0
0
0
0
0
7
7
7
5
5
4
2
3
12
1
12
12
12
12
12
12
12
12
12
12
12
12
12
12
12
12
12
12
10
3
3
3
3
3
3
3
3
3
3
3
3
3
3
3
3
3
3
0
0
0
0
0
0
0
0
0
0
0
0
0
0
0
0
0
0
0
0
0
0
0
0
0
0
0
0
0
0
0
15
12
12
12
12
12
12
12
12
12
12
12
12
12
12
12
12
12
12
12
0
0
0
0
0
0
0
0
0
0
0
0
0
0
0
0
0
0
0
0
0
0
0
0
0
0
0
0
0
0
0
0
0
0
2
23
23
23
23
23
21
2
2
2
2
12
12
14
23
0
23
0
0
0
0
2
23
23
23
23
23
21
2
2
2
2
12
12
14
23
0
23
12
12
12
12
12
12
12
12
12
12
12
12
12
12
12
12
10
3
3
3
3
3
3
3
3
3
3
3
3
3
3
3
3
3
3
0
0
0
0
