23
25
23
23
34
28
23
29
30
21
32
22
27
28
26
25
21
22
26
28
24
30
21
32
22
27
28
26
25
21
23
25
23
23
34
28
23
29
30
21
32
22
32
22
27
28
26
25
21
22
26
28
24
30
21
32
22
27
28
27
28
26
25
21
23
25
23
23
34
28
23
29
30
21
32
22
32
22
27
28
26
25
21
22
26
28
24
30
21
32
23
25
23
23
34
28
23
29
30
21
32
22
27
28
26
25
21
22
26
28
24
30
21
32
22
27
28
32
22
27
28
26
25
21
22
26
28
24
30
21
32
22
27
28
30
21
32
23
25
23
23
34
28
23
29
30
21
32
22
27
28
26
25
21
22
26
28
24
30
21
32
22
27
28
27
28
26
25
21
22
26
28
24
30
21
32
22
27
28
26
25
21
23
25
23
23
34
28
23
29
30
21
32
22
32
22
27
28
26
25
21
22
26
28
24
30
21
32
22
27
28
27
28
26
25
21
23
25
23
23
34
28
23
29
30
21
32
22
32
22
27
28
26
25
21
22
26
28
24
30
21
32
23
25
23
23
34
28
23
29
30
21
